#x y z n map H1 H2 H3 C
0 0 0 0 1 0.002000 -0.002000 0.000000 0.000000 
0 1 0 1 1 0.002000 -0.002000 0.000000 0.000000 
0 2 0 2 1 0.002000 -0.002000 0.000000 0.000000 
0 3 0 3 1 0.002000 -0.002000 0.000000 0.000000 
0 4 0 4 1 0.002000 -0.002000 0.000000 0.000000 
0 5 0 5 1 0.002000 -0.002000 0.000000 0.000000 
0 6 0 6 1 0.002000 -0.002000 0.000000 0.000000 
0 7 0 7 1 0.002000 -0.002000 0.000000 0.000000 
0 8 0 8 1 0.002000 -0.002000 0.000000 0.000000 
0 9 0 9 1 0.002000 -0.002000 0.000000 0.000000 
0 10 0 10 1 0.002000 -0.002000 0.000000 0.000000 
0 11 0 11 1 0.002000 -0.002000 0.000000 0.000000 
0 12 0 12 1 0.002000 -0.002000 0.000000 0.000000 
0 13 0 13 1 0.002000 -0.002000 0.000000 0.000000 
0 14 0 14 1 0.002000 -0.002000 0.000000 0.000000 
0 15 0 15 1 0.002000 -0.002000 0.000000 0.000000 
0 16 0 16 1 0.002000 -0.002000 0.000000 0.000000 
0 17 0 17 1 0.002000 -0.002000 0.000000 0.000000 
0 18 0 18 1 0.002000 -0.002000 0.000000 0.000000 
0 19 0 19 1 0.002000 -0.002000 0.000000 0.000000 
0 20 0 20 1 0.002000 -0.002000 0.000000 0.000000 
0 21 0 21 1 0.002000 -0.002000 0.000000 0.000000 
0 22 0 22 1 0.002000 -0.002000 0.000000 0.000000 
0 23 0 23 1 0.002000 -0.002000 0.000000 0.000000 
0 24 0 24 1 0.002000 -0.002000 0.000000 0.000000 
0 25 0 25 1 0.002000 -0.002000 0.000000 0.000000 
0 26 0 26 1 0.002000 -0.002000 0.000000 0.000000 
0 27 0 27 1 0.002000 -0.002000 0.000000 0.000000 
0 28 0 28 1 0.002000 -0.002000 0.000000 0.000000 
0 29 0 29 1 0.002000 -0.002000 0.000000 0.000000 
0 30 0 30 1 0.002000 -0.002000 0.000000 0.000000 
0 31 0 31 1 0.002000 -0.002000 0.000000 0.000000 
1 0 0 32 1 0.002000 -0.002000 0.000000 0.000000 
1 1 0 33 0 0.000000 0.000000 0.000000 0.000000 
1 2 0 34 0 0.000000 0.000000 0.000000 0.000000 
1 3 0 35 0 0.000000 0.000000 0.000000 0.000000 
1 4 0 36 0 0.000000 0.000000 0.000000 0.000000 
1 5 0 37 0 0.000000 0.000000 0.000000 0.000000 
1 6 0 38 0 0.000000 0.000000 0.000000 0.000000 
1 7 0 39 0 0.000000 0.000000 0.000000 0.000000 
1 8 0 40 0 0.000000 0.000000 0.000000 0.000000 
1 9 0 41 0 0.000000 0.000000 0.000000 0.000000 
1 10 0 42 0 0.000000 0.000000 0.000000 0.000000 
1 11 0 43 0 0.000000 0.000000 0.000000 0.000000 
1 12 0 44 0 0.000000 0.000000 0.000000 0.000000 
1 13 0 45 0 0.000000 0.000000 0.000000 0.000000 
1 14 0 46 0 0.000000 0.000000 0.000000 0.000000 
1 15 0 47 0 0.000000 0.000000 0.000000 0.000000 
1 16 0 48 0 0.000000 0.000000 0.000000 0.000000 
1 17 0 49 0 0.000000 0.000000 0.000000 0.000000 
1 18 0 50 0 0.000000 0.000000 0.000000 0.000000 
1 19 0 51 0 0.000000 0.000000 0.000000 0.000000 
1 20 0 52 0 0.000000 0.000000 0.000000 0.000000 
1 21 0 53 0 0.000000 0.000000 0.000000 0.000000 
1 22 0 54 0 0.000000 0.000000 0.000000 0.000000 
1 23 0 55 0 0.000000 0.000000 0.000000 0.000000 
1 24 0 56 0 0.000000 0.000000 0.000000 0.000000 
1 25 0 57 0 0.000000 0.000000 0.000000 0.000000 
1 26 0 58 0 0.000000 0.000000 0.000000 0.000000 
1 27 0 59 0 0.000000 0.000000 0.000000 0.000000 
1 28 0 60 0 0.000000 0.000000 0.000000 0.000000 
1 29 0 61 0 0.000000 0.000000 0.000000 0.000000 
1 30 0 62 0 0.000000 0.000000 0.000000 0.000000 
1 31 0 63 1 0.002000 -0.002000 0.000000 0.000000 
2 0 0 64 1 0.002000 -0.002000 0.000000 0.000000 
2 1 0 65 0 0.000000 0.000000 0.000000 0.000000 
2 2 0 66 0 0.000000 0.000000 0.000000 0.000000 
2 3 0 67 0 0.000000 0.000000 0.000000 0.000000 
2 4 0 68 0 0.000000 0.000000 0.000000 0.000000 
2 5 0 69 0 0.000000 0.000000 0.000000 0.000000 
2 6 0 70 0 0.000000 0.000000 0.000000 0.000000 
2 7 0 71 0 0.000000 0.000000 0.000000 0.000000 
2 8 0 72 0 0.000000 0.000000 0.000000 0.000000 
2 9 0 73 0 0.000000 0.000000 0.000000 0.000000 
2 10 0 74 0 0.000000 0.000000 0.000000 0.000000 
2 11 0 75 0 0.000000 0.000000 0.000000 0.000000 
2 12 0 76 0 0.000000 0.000000 0.000000 0.000000 
2 13 0 77 0 0.000000 0.000000 0.000000 0.000000 
2 14 0 78 0 0.000000 0.000000 0.000000 0.000000 
2 15 0 79 0 0.000000 0.000000 0.000000 0.000000 
2 16 0 80 0 0.000000 0.000000 0.000000 0.000000 
2 17 0 81 0 0.000000 0.000000 0.000000 0.000000 
2 18 0 82 0 0.000000 0.000000 0.000000 0.000000 
2 19 0 83 0 0.000000 0.000000 0.000000 0.000000 
2 20 0 84 0 0.000000 0.000000 0.000000 0.000000 
2 21 0 85 0 0.000000 0.000000 0.000000 0.000000 
2 22 0 86 0 0.000000 0.000000 0.000000 0.000000 
2 23 0 87 0 0.000000 0.000000 0.000000 0.000000 
2 24 0 88 0 0.000000 0.000000 0.000000 0.000000 
2 25 0 89 0 0.000000 0.000000 0.000000 0.000000 
2 26 0 90 0 0.000000 0.000000 0.000000 0.000000 
2 27 0 91 0 0.000000 0.000000 0.000000 0.000000 
2 28 0 92 0 0.000000 0.000000 0.000000 0.000000 
2 29 0 93 0 0.000000 0.000000 0.000000 0.000000 
2 30 0 94 0 0.000000 0.000000 0.000000 0.000000 
2 31 0 95 1 0.002000 -0.002000 0.000000 0.000000 
3 0 0 96 1 0.002000 -0.002000 0.000000 0.000000 
3 1 0 97 0 0.000000 0.000000 0.000000 0.000000 
3 2 0 98 0 0.000000 0.000000 0.000000 0.000000 
3 3 0 99 0 0.000000 0.000000 0.000000 0.000000 
3 4 0 100 0 0.000000 0.000000 0.000000 0.000000 
3 5 0 101 0 0.000000 0.000000 0.000000 0.000000 
3 6 0 102 0 0.000000 0.000000 0.000000 0.000000 
3 7 0 103 0 0.000000 0.000000 0.000000 0.000000 
3 8 0 104 0 0.000000 0.000000 0.000000 0.000000 
3 9 0 105 0 0.000000 0.000000 0.000000 0.000000 
3 10 0 106 0 0.000000 0.000000 0.000000 0.000000 
3 11 0 107 0 0.000000 0.000000 0.000000 0.000000 
3 12 0 108 0 0.000000 0.000000 0.000000 0.000000 
3 13 0 109 0 0.000000 0.000000 0.000000 0.000000 
3 14 0 110 0 0.000000 0.000000 0.000000 0.000000 
3 15 0 111 0 0.000000 0.000000 0.000000 0.000000 
3 16 0 112 0 0.000000 0.000000 0.000000 0.000000 
3 17 0 113 0 0.000000 0.000000 0.000000 0.000000 
3 18 0 114 0 0.000000 0.000000 0.000000 0.000000 
3 19 0 115 0 0.000000 0.000000 0.000000 0.000000 
3 20 0 116 0 0.000000 0.000000 0.000000 0.000000 
3 21 0 117 0 0.000000 0.000000 0.000000 0.000000 
3 22 0 118 0 0.000000 0.000000 0.000000 0.000000 
3 23 0 119 0 0.000000 0.000000 0.000000 0.000000 
3 24 0 120 0 0.000000 0.000000 0.000000 0.000000 
3 25 0 121 0 0.000000 0.000000 0.000000 0.000000 
3 26 0 122 0 0.000000 0.000000 0.000000 0.000000 
3 27 0 123 0 0.000000 0.000000 0.000000 0.000000 
3 28 0 124 0 0.000000 0.000000 0.000000 0.000000 
3 29 0 125 0 0.000000 0.000000 0.000000 0.000000 
3 30 0 126 0 0.000000 0.000000 0.000000 0.000000 
3 31 0 127 1 0.002000 -0.002000 0.000000 0.000000 
4 0 0 128 1 0.002000 -0.002000 0.000000 0.000000 
4 1 0 129 0 0.000000 0.000000 0.000000 0.000000 
4 2 0 130 0 0.000000 0.000000 0.000000 0.000000 
4 3 0 131 0 0.000000 0.000000 0.000000 0.000000 
4 4 0 132 0 0.000000 0.000000 0.000000 0.000000 
4 5 0 133 0 0.000000 0.000000 0.000000 0.000000 
4 6 0 134 0 0.000000 0.000000 0.000000 0.000000 
4 7 0 135 0 0.000000 0.000000 0.000000 0.000000 
4 8 0 136 0 0.000000 0.000000 0.000000 0.000000 
4 9 0 137 0 0.000000 0.000000 0.000000 0.000000 
4 10 0 138 0 0.000000 0.000000 0.000000 0.000000 
4 11 0 139 0 0.000000 0.000000 0.000000 0.000000 
4 12 0 140 0 0.000000 0.000000 0.000000 0.000000 
4 13 0 141 0 0.000000 0.000000 0.000000 0.000000 
4 14 0 142 0 0.000000 0.000000 0.000000 0.000000 
4 15 0 143 0 0.000000 0.000000 0.000000 0.000000 
4 16 0 144 0 0.000000 0.000000 0.000000 0.000000 
4 17 0 145 0 0.000000 0.000000 0.000000 0.000000 
4 18 0 146 0 0.000000 0.000000 0.000000 0.000000 
4 19 0 147 0 0.000000 0.000000 0.000000 0.000000 
4 20 0 148 0 0.000000 0.000000 0.000000 0.000000 
4 21 0 149 0 0.000000 0.000000 0.000000 0.000000 
4 22 0 150 0 0.000000 0.000000 0.000000 0.000000 
4 23 0 151 0 0.000000 0.000000 0.000000 0.000000 
4 24 0 152 0 0.000000 0.000000 0.000000 0.000000 
4 25 0 153 0 0.000000 0.000000 0.000000 0.000000 
4 26 0 154 0 0.000000 0.000000 0.000000 0.000000 
4 27 0 155 0 0.000000 0.000000 0.000000 0.000000 
4 28 0 156 0 0.000000 0.000000 0.000000 0.000000 
4 29 0 157 0 0.000000 0.000000 0.000000 0.000000 
4 30 0 158 0 0.000000 0.000000 0.000000 0.000000 
4 31 0 159 1 0.002000 -0.002000 0.000000 0.000000 
5 0 0 160 1 0.002000 -0.002000 0.000000 0.000000 
5 1 0 161 0 0.000000 0.000000 0.000000 0.000000 
5 2 0 162 0 0.000000 0.000000 0.000000 0.000000 
5 3 0 163 0 0.000000 0.000000 0.000000 0.000000 
5 4 0 164 0 0.000000 0.000000 0.000000 0.000000 
5 5 0 165 0 0.000000 0.000000 0.000000 0.000000 
5 6 0 166 0 0.000000 0.000000 0.000000 0.000000 
5 7 0 167 0 0.000000 0.000000 0.000000 0.000000 
5 8 0 168 0 0.000000 0.000000 0.000000 0.000000 
5 9 0 169 0 0.000000 0.000000 0.000000 0.000000 
5 10 0 170 0 0.000000 0.000000 0.000000 0.000000 
5 11 0 171 0 0.000000 0.000000 0.000000 0.000000 
5 12 0 172 0 0.000000 0.000000 0.000000 0.000000 
5 13 0 173 0 0.000000 0.000000 0.000000 0.000000 
5 14 0 174 0 0.000000 0.000000 0.000000 0.000000 
5 15 0 175 0 0.000000 0.000000 0.000000 0.000000 
5 16 0 176 0 0.000000 0.000000 0.000000 0.000000 
5 17 0 177 0 0.000000 0.000000 0.000000 0.000000 
5 18 0 178 0 0.000000 0.000000 0.000000 0.000000 
5 19 0 179 0 0.000000 0.000000 0.000000 0.000000 
5 20 0 180 0 0.000000 0.000000 0.000000 0.000000 
5 21 0 181 0 0.000000 0.000000 0.000000 0.000000 
5 22 0 182 0 0.000000 0.000000 0.000000 0.000000 
5 23 0 183 0 0.000000 0.000000 0.000000 0.000000 
5 24 0 184 0 0.000000 0.000000 0.000000 0.000000 
5 25 0 185 0 0.000000 0.000000 0.000000 0.000000 
5 26 0 186 0 0.000000 0.000000 0.000000 0.000000 
5 27 0 187 0 0.000000 0.000000 0.000000 0.000000 
5 28 0 188 0 0.000000 0.000000 0.000000 0.000000 
5 29 0 189 0 0.000000 0.000000 0.000000 0.000000 
5 30 0 190 0 0.000000 0.000000 0.000000 0.000000 
5 31 0 191 1 0.002000 -0.002000 0.000000 0.000000 
6 0 0 192 1 0.002000 -0.002000 0.000000 0.000000 
6 1 0 193 0 0.000000 0.000000 0.000000 0.000000 
6 2 0 194 0 0.000000 0.000000 0.000000 0.000000 
6 3 0 195 0 0.000000 0.000000 0.000000 0.000000 
6 4 0 196 0 0.000000 0.000000 0.000000 0.000000 
6 5 0 197 0 0.000000 0.000000 0.000000 0.000000 
6 6 0 198 0 0.000000 0.000000 0.000000 0.000000 
6 7 0 199 0 0.000000 0.000000 0.000000 0.000000 
6 8 0 200 0 0.000000 0.000000 0.000000 0.000000 
6 9 0 201 0 0.000000 0.000000 0.000000 0.000000 
6 10 0 202 0 0.000000 0.000000 0.000000 0.000000 
6 11 0 203 0 0.000000 0.000000 0.000000 0.000000 
6 12 0 204 0 0.000000 0.000000 0.000000 0.000000 
6 13 0 205 0 0.000000 0.000000 0.000000 0.000000 
6 14 0 206 0 0.000000 0.000000 0.000000 0.000000 
6 15 0 207 0 0.000000 0.000000 0.000000 0.000000 
6 16 0 208 0 0.000000 0.000000 0.000000 0.000000 
6 17 0 209 0 0.000000 0.000000 0.000000 0.000000 
6 18 0 210 0 0.000000 0.000000 0.000000 0.000000 
6 19 0 211 0 0.000000 0.000000 0.000000 0.000000 
6 20 0 212 0 0.000000 0.000000 0.000000 0.000000 
6 21 0 213 0 0.000000 0.000000 0.000000 0.000000 
6 22 0 214 0 0.000000 0.000000 0.000000 0.000000 
6 23 0 215 0 0.000000 0.000000 0.000000 0.000000 
6 24 0 216 0 0.000000 0.000000 0.000000 0.000000 
6 25 0 217 0 0.000000 0.000000 0.000000 0.000000 
6 26 0 218 0 0.000000 0.000000 0.000000 0.000000 
6 27 0 219 0 0.000000 0.000000 0.000000 0.000000 
6 28 0 220 0 0.000000 0.000000 0.000000 0.000000 
6 29 0 221 0 0.000000 0.000000 0.000000 0.000000 
6 30 0 222 0 0.000000 0.000000 0.000000 0.000000 
6 31 0 223 1 0.002000 -0.002000 0.000000 0.000000 
7 0 0 224 1 0.002000 -0.002000 0.000000 0.000000 
7 1 0 225 0 0.000000 0.000000 0.000000 0.000000 
7 2 0 226 0 0.000000 0.000000 0.000000 0.000000 
7 3 0 227 0 0.000000 0.000000 0.000000 0.000000 
7 4 0 228 0 0.000000 0.000000 0.000000 0.000000 
7 5 0 229 0 0.000000 0.000000 0.000000 0.000000 
7 6 0 230 0 0.000000 0.000000 0.000000 0.000000 
7 7 0 231 0 0.000000 0.000000 0.000000 0.000000 
7 8 0 232 0 0.000000 0.000000 0.000000 0.000000 
7 9 0 233 0 0.000000 0.000000 0.000000 0.000000 
7 10 0 234 0 0.000000 0.000000 0.000000 0.000000 
7 11 0 235 0 0.000000 0.000000 0.000000 0.000000 
7 12 0 236 0 0.000000 0.000000 0.000000 0.000000 
7 13 0 237 0 0.000000 0.000000 0.000000 0.000000 
7 14 0 238 0 0.000000 0.000000 0.000000 0.000000 
7 15 0 239 0 0.000000 0.000000 0.000000 0.000000 
7 16 0 240 0 0.000000 0.000000 0.000000 0.000000 
7 17 0 241 0 0.000000 0.000000 0.000000 0.000000 
7 18 0 242 0 0.000000 0.000000 0.000000 0.000000 
7 19 0 243 0 0.000000 0.000000 0.000000 0.000000 
7 20 0 244 0 0.000000 0.000000 0.000000 0.000000 
7 21 0 245 0 0.000000 0.000000 0.000000 0.000000 
7 22 0 246 0 0.000000 0.000000 0.000000 0.000000 
7 23 0 247 0 0.000000 0.000000 0.000000 0.000000 
7 24 0 248 0 0.000000 0.000000 0.000000 0.000000 
7 25 0 249 0 0.000000 0.000000 0.000000 0.000000 
7 26 0 250 0 0.000000 0.000000 0.000000 0.000000 
7 27 0 251 0 0.000000 0.000000 0.000000 0.000000 
7 28 0 252 0 0.000000 0.000000 0.000000 0.000000 
7 29 0 253 0 0.000000 0.000000 0.000000 0.000000 
7 30 0 254 0 0.000000 0.000000 0.000000 0.000000 
7 31 0 255 1 0.002000 -0.002000 0.000000 0.000000 
8 0 0 256 1 0.002000 -0.002000 0.000000 0.000000 
8 1 0 257 0 0.000000 0.000000 0.000000 0.000000 
8 2 0 258 0 0.000000 0.000000 0.000000 0.000000 
8 3 0 259 0 0.000000 0.000000 0.000000 0.000000 
8 4 0 260 0 0.000000 0.000000 0.000000 0.000000 
8 5 0 261 0 0.000000 0.000000 0.000000 0.000000 
8 6 0 262 0 0.000000 0.000000 0.000000 0.000000 
8 7 0 263 0 0.000000 0.000000 0.000000 0.000000 
8 8 0 264 0 0.000000 0.000000 0.000000 0.000000 
8 9 0 265 0 0.000000 0.000000 0.000000 0.000000 
8 10 0 266 0 0.000000 0.000000 0.000000 0.000000 
8 11 0 267 0 0.000000 0.000000 0.000000 0.000000 
8 12 0 268 0 0.000000 0.000000 0.000000 0.000000 
8 13 0 269 0 0.000000 0.000000 0.000000 0.000000 
8 14 0 270 0 0.000000 0.000000 0.000000 0.000000 
8 15 0 271 0 0.000000 0.000000 0.000000 0.000000 
8 16 0 272 0 0.000000 0.000000 0.000000 0.000000 
8 17 0 273 0 0.000000 0.000000 0.000000 0.000000 
8 18 0 274 0 0.000000 0.000000 0.000000 0.000000 
8 19 0 275 0 0.000000 0.000000 0.000000 0.000000 
8 20 0 276 0 0.000000 0.000000 0.000000 0.000000 
8 21 0 277 0 0.000000 0.000000 0.000000 0.000000 
8 22 0 278 0 0.000000 0.000000 0.000000 0.000000 
8 23 0 279 0 0.000000 0.000000 0.000000 0.000000 
8 24 0 280 0 0.000000 0.000000 0.000000 0.000000 
8 25 0 281 0 0.000000 0.000000 0.000000 0.000000 
8 26 0 282 0 0.000000 0.000000 0.000000 0.000000 
8 27 0 283 0 0.000000 0.000000 0.000000 0.000000 
8 28 0 284 0 0.000000 0.000000 0.000000 0.000000 
8 29 0 285 0 0.000000 0.000000 0.000000 0.000000 
8 30 0 286 0 0.000000 0.000000 0.000000 0.000000 
8 31 0 287 1 0.002000 -0.002000 0.000000 0.000000 
9 0 0 288 1 0.002000 -0.002000 0.000000 0.000000 
9 1 0 289 0 0.000000 0.000000 0.000000 0.000000 
9 2 0 290 0 0.000000 0.000000 0.000000 0.000000 
9 3 0 291 0 0.000000 0.000000 0.000000 0.000000 
9 4 0 292 0 0.000000 0.000000 0.000000 0.000000 
9 5 0 293 0 0.000000 0.000000 0.000000 0.000000 
9 6 0 294 0 0.000000 0.000000 0.000000 0.000000 
9 7 0 295 0 0.000000 0.000000 0.000000 0.000000 
9 8 0 296 0 0.000000 0.000000 0.000000 0.000000 
9 9 0 297 0 0.000000 0.000000 0.000000 0.000000 
9 10 0 298 0 0.000000 0.000000 0.000000 0.000000 
9 11 0 299 0 0.000000 0.000000 0.000000 0.000000 
9 12 0 300 0 0.000000 0.000000 0.000000 0.000000 
9 13 0 301 0 0.000000 0.000000 0.000000 0.000000 
9 14 0 302 0 0.000000 0.000000 0.000000 0.000000 
9 15 0 303 0 0.000000 0.000000 0.000000 0.000000 
9 16 0 304 0 0.000000 0.000000 0.000000 0.000000 
9 17 0 305 0 0.000000 0.000000 0.000000 0.000000 
9 18 0 306 0 0.000000 0.000000 0.000000 0.000000 
9 19 0 307 0 0.000000 0.000000 0.000000 0.000000 
9 20 0 308 0 0.000000 0.000000 0.000000 0.000000 
9 21 0 309 0 0.000000 0.000000 0.000000 0.000000 
9 22 0 310 0 0.000000 0.000000 0.000000 0.000000 
9 23 0 311 0 0.000000 0.000000 0.000000 0.000000 
9 24 0 312 0 0.000000 0.000000 0.000000 0.000000 
9 25 0 313 0 0.000000 0.000000 0.000000 0.000000 
9 26 0 314 0 0.000000 0.000000 0.000000 0.000000 
9 27 0 315 0 0.000000 0.000000 0.000000 0.000000 
9 28 0 316 0 0.000000 0.000000 0.000000 0.000000 
9 29 0 317 0 0.000000 0.000000 0.000000 0.000000 
9 30 0 318 0 0.000000 0.000000 0.000000 0.000000 
9 31 0 319 1 0.002000 -0.002000 0.000000 0.000000 
10 0 0 320 1 0.002000 -0.002000 0.000000 0.000000 
10 1 0 321 0 0.000000 0.000000 0.000000 0.000000 
10 2 0 322 0 0.000000 0.000000 0.000000 0.000000 
10 3 0 323 0 0.000000 0.000000 0.000000 0.000000 
10 4 0 324 0 0.000000 0.000000 0.000000 0.000000 
10 5 0 325 0 0.000000 0.000000 0.000000 0.000000 
10 6 0 326 0 0.000000 0.000000 0.000000 0.000000 
10 7 0 327 0 0.000000 0.000000 0.000000 0.000000 
10 8 0 328 0 0.000000 0.000000 0.000000 0.000000 
10 9 0 329 0 0.000000 0.000000 0.000000 0.000000 
10 10 0 330 0 0.000000 0.000000 0.000000 0.000000 
10 11 0 331 0 0.000000 0.000000 0.000000 0.000000 
10 12 0 332 0 0.000000 0.000000 0.000000 0.000000 
10 13 0 333 0 0.000000 0.000000 0.000000 0.000000 
10 14 0 334 0 0.000000 0.000000 0.000000 0.000000 
10 15 0 335 0 0.000000 0.000000 0.000000 0.000000 
10 16 0 336 0 0.000000 0.000000 0.000000 0.000000 
10 17 0 337 0 0.000000 0.000000 0.000000 0.000000 
10 18 0 338 0 0.000000 0.000000 0.000000 0.000000 
10 19 0 339 0 0.000000 0.000000 0.000000 0.000000 
10 20 0 340 0 0.000000 0.000000 0.000000 0.000000 
10 21 0 341 0 0.000000 0.000000 0.000000 0.000000 
10 22 0 342 0 0.000000 0.000000 0.000000 0.000000 
10 23 0 343 0 0.000000 0.000000 0.000000 0.000000 
10 24 0 344 0 0.000000 0.000000 0.000000 0.000000 
10 25 0 345 0 0.000000 0.000000 0.000000 0.000000 
10 26 0 346 0 0.000000 0.000000 0.000000 0.000000 
10 27 0 347 0 0.000000 0.000000 0.000000 0.000000 
10 28 0 348 0 0.000000 0.000000 0.000000 0.000000 
10 29 0 349 0 0.000000 0.000000 0.000000 0.000000 
10 30 0 350 0 0.000000 0.000000 0.000000 0.000000 
10 31 0 351 1 0.002000 -0.002000 0.000000 0.000000 
11 0 0 352 1 0.002000 -0.002000 0.000000 0.000000 
11 1 0 353 0 0.000000 0.000000 0.000000 0.000000 
11 2 0 354 0 0.000000 0.000000 0.000000 0.000000 
11 3 0 355 0 0.000000 0.000000 0.000000 0.000000 
11 4 0 356 0 0.000000 0.000000 0.000000 0.000000 
11 5 0 357 0 0.000000 0.000000 0.000000 0.000000 
11 6 0 358 0 0.000000 0.000000 0.000000 0.000000 
11 7 0 359 0 0.000000 0.000000 0.000000 0.000000 
11 8 0 360 0 0.000000 0.000000 0.000000 0.000000 
11 9 0 361 0 0.000000 0.000000 0.000000 0.000000 
11 10 0 362 0 0.000000 0.000000 0.000000 0.000000 
11 11 0 363 0 0.000000 0.000000 0.000000 0.000000 
11 12 0 364 0 0.000000 0.000000 0.000000 0.000000 
11 13 0 365 0 0.000000 0.000000 0.000000 0.000000 
11 14 0 366 0 0.000000 0.000000 0.000000 0.000000 
11 15 0 367 0 0.000000 0.000000 0.000000 0.000000 
11 16 0 368 0 0.000000 0.000000 0.000000 0.000000 
11 17 0 369 0 0.000000 0.000000 0.000000 0.000000 
11 18 0 370 0 0.000000 0.000000 0.000000 0.000000 
11 19 0 371 0 0.000000 0.000000 0.000000 0.000000 
11 20 0 372 0 0.000000 0.000000 0.000000 0.000000 
11 21 0 373 0 0.000000 0.000000 0.000000 0.000000 
11 22 0 374 0 0.000000 0.000000 0.000000 0.000000 
11 23 0 375 0 0.000000 0.000000 0.000000 0.000000 
11 24 0 376 0 0.000000 0.000000 0.000000 0.000000 
11 25 0 377 0 0.000000 0.000000 0.000000 0.000000 
11 26 0 378 0 0.000000 0.000000 0.000000 0.000000 
11 27 0 379 0 0.000000 0.000000 0.000000 0.000000 
11 28 0 380 0 0.000000 0.000000 0.000000 0.000000 
11 29 0 381 0 0.000000 0.000000 0.000000 0.000000 
11 30 0 382 0 0.000000 0.000000 0.000000 0.000000 
11 31 0 383 1 0.002000 -0.002000 0.000000 0.000000 
12 0 0 384 1 0.002000 -0.002000 0.000000 0.000000 
12 1 0 385 0 0.000000 0.000000 0.000000 0.000000 
12 2 0 386 0 0.000000 0.000000 0.000000 0.000000 
12 3 0 387 0 0.000000 0.000000 0.000000 0.000000 
12 4 0 388 0 0.000000 0.000000 0.000000 0.000000 
12 5 0 389 0 0.000000 0.000000 0.000000 0.000000 
12 6 0 390 0 0.000000 0.000000 0.000000 0.000000 
12 7 0 391 0 0.000000 0.000000 0.000000 0.000000 
12 8 0 392 0 0.000000 0.000000 0.000000 0.000000 
12 9 0 393 0 0.000000 0.000000 0.000000 0.000000 
12 10 0 394 0 0.000000 0.000000 0.000000 0.000000 
12 11 0 395 0 0.000000 0.000000 0.000000 0.000000 
12 12 0 396 0 0.000000 0.000000 0.000000 0.000000 
12 13 0 397 0 0.000000 0.000000 0.000000 0.000000 
12 14 0 398 0 0.000000 0.000000 0.000000 0.000000 
12 15 0 399 0 0.000000 0.000000 0.000000 0.000000 
12 16 0 400 0 0.000000 0.000000 0.000000 0.000000 
12 17 0 401 0 0.000000 0.000000 0.000000 0.000000 
12 18 0 402 0 0.000000 0.000000 0.000000 0.000000 
12 19 0 403 0 0.000000 0.000000 0.000000 0.000000 
12 20 0 404 0 0.000000 0.000000 0.000000 0.000000 
12 21 0 405 0 0.000000 0.000000 0.000000 0.000000 
12 22 0 406 0 0.000000 0.000000 0.000000 0.000000 
12 23 0 407 0 0.000000 0.000000 0.000000 0.000000 
12 24 0 408 0 0.000000 0.000000 0.000000 0.000000 
12 25 0 409 0 0.000000 0.000000 0.000000 0.000000 
12 26 0 410 0 0.000000 0.000000 0.000000 0.000000 
12 27 0 411 0 0.000000 0.000000 0.000000 0.000000 
12 28 0 412 0 0.000000 0.000000 0.000000 0.000000 
12 29 0 413 0 0.000000 0.000000 0.000000 0.000000 
12 30 0 414 0 0.000000 0.000000 0.000000 0.000000 
12 31 0 415 1 0.002000 -0.002000 0.000000 0.000000 
13 0 0 416 1 0.002000 -0.002000 0.000000 0.000000 
13 1 0 417 0 0.000000 0.000000 0.000000 0.000000 
13 2 0 418 0 0.000000 0.000000 0.000000 0.000000 
13 3 0 419 0 0.000000 0.000000 0.000000 0.000000 
13 4 0 420 0 0.000000 0.000000 0.000000 0.000000 
13 5 0 421 0 0.000000 0.000000 0.000000 0.000000 
13 6 0 422 0 0.000000 0.000000 0.000000 0.000000 
13 7 0 423 0 0.000000 0.000000 0.000000 0.000000 
13 8 0 424 0 0.000000 0.000000 0.000000 0.000000 
13 9 0 425 0 0.000000 0.000000 0.000000 0.000000 
13 10 0 426 0 0.000000 0.000000 0.000000 0.000000 
13 11 0 427 0 0.000000 0.000000 0.000000 0.000000 
13 12 0 428 0 0.000000 0.000000 0.000000 0.000000 
13 13 0 429 0 0.000000 0.000000 0.000000 0.000000 
13 14 0 430 0 0.000000 0.000000 0.000000 0.000000 
13 15 0 431 0 0.000000 0.000000 0.000000 0.000000 
13 16 0 432 0 0.000000 0.000000 0.000000 0.000000 
13 17 0 433 0 0.000000 0.000000 0.000000 0.000000 
13 18 0 434 0 0.000000 0.000000 0.000000 0.000000 
13 19 0 435 0 0.000000 0.000000 0.000000 0.000000 
13 20 0 436 0 0.000000 0.000000 0.000000 0.000000 
13 21 0 437 0 0.000000 0.000000 0.000000 0.000000 
13 22 0 438 0 0.000000 0.000000 0.000000 0.000000 
13 23 0 439 0 0.000000 0.000000 0.000000 0.000000 
13 24 0 440 0 0.000000 0.000000 0.000000 0.000000 
13 25 0 441 0 0.000000 0.000000 0.000000 0.000000 
13 26 0 442 0 0.000000 0.000000 0.000000 0.000000 
13 27 0 443 0 0.000000 0.000000 0.000000 0.000000 
13 28 0 444 0 0.000000 0.000000 0.000000 0.000000 
13 29 0 445 0 0.000000 0.000000 0.000000 0.000000 
13 30 0 446 0 0.000000 0.000000 0.000000 0.000000 
13 31 0 447 1 0.002000 -0.002000 0.000000 0.000000 
14 0 0 448 1 0.002000 -0.002000 0.000000 0.000000 
14 1 0 449 0 0.000000 0.000000 0.000000 0.000000 
14 2 0 450 0 0.000000 0.000000 0.000000 0.000000 
14 3 0 451 0 0.000000 0.000000 0.000000 0.000000 
14 4 0 452 0 0.000000 0.000000 0.000000 0.000000 
14 5 0 453 0 0.000000 0.000000 0.000000 0.000000 
14 6 0 454 0 0.000000 0.000000 0.000000 0.000000 
14 7 0 455 0 0.000000 0.000000 0.000000 0.000000 
14 8 0 456 0 0.000000 0.000000 0.000000 0.000000 
14 9 0 457 0 0.000000 0.000000 0.000000 0.000000 
14 10 0 458 0 0.000000 0.000000 0.000000 0.000000 
14 11 0 459 0 0.000000 0.000000 0.000000 0.000000 
14 12 0 460 0 0.000000 0.000000 0.000000 0.000000 
14 13 0 461 0 0.000000 0.000000 0.000000 0.000000 
14 14 0 462 0 0.000000 0.000000 0.000000 0.000000 
14 15 0 463 0 0.000000 0.000000 0.000000 0.000000 
14 16 0 464 0 0.000000 0.000000 0.000000 0.000000 
14 17 0 465 0 0.000000 0.000000 0.000000 0.000000 
14 18 0 466 0 0.000000 0.000000 0.000000 0.000000 
14 19 0 467 0 0.000000 0.000000 0.000000 0.000000 
14 20 0 468 0 0.000000 0.000000 0.000000 0.000000 
14 21 0 469 0 0.000000 0.000000 0.000000 0.000000 
14 22 0 470 0 0.000000 0.000000 0.000000 0.000000 
14 23 0 471 0 0.000000 0.000000 0.000000 0.000000 
14 24 0 472 0 0.000000 0.000000 0.000000 0.000000 
14 25 0 473 0 0.000000 0.000000 0.000000 0.000000 
14 26 0 474 0 0.000000 0.000000 0.000000 0.000000 
14 27 0 475 0 0.000000 0.000000 0.000000 0.000000 
14 28 0 476 0 0.000000 0.000000 0.000000 0.000000 
14 29 0 477 0 0.000000 0.000000 0.000000 0.000000 
14 30 0 478 0 0.000000 0.000000 0.000000 0.000000 
14 31 0 479 1 0.002000 -0.002000 0.000000 0.000000 
15 0 0 480 1 0.002000 -0.002000 0.000000 0.000000 
15 1 0 481 0 0.000000 0.000000 0.000000 0.000000 
15 2 0 482 0 0.000000 0.000000 0.000000 0.000000 
15 3 0 483 0 0.000000 0.000000 0.000000 0.000000 
15 4 0 484 0 0.000000 0.000000 0.000000 0.000000 
15 5 0 485 0 0.000000 0.000000 0.000000 0.000000 
15 6 0 486 0 0.000000 0.000000 0.000000 0.000000 
15 7 0 487 0 0.000000 0.000000 0.000000 0.000000 
15 8 0 488 0 0.000000 0.000000 0.000000 0.000000 
15 9 0 489 0 0.000000 0.000000 0.000000 0.000000 
15 10 0 490 0 0.000000 0.000000 0.000000 0.000000 
15 11 0 491 0 0.000000 0.000000 0.000000 0.000000 
15 12 0 492 0 0.000000 0.000000 0.000000 0.000000 
15 13 0 493 0 0.000000 0.000000 0.000000 0.000000 
15 14 0 494 0 0.000000 0.000000 0.000000 0.000000 
15 15 0 495 0 0.000000 0.000000 0.000000 0.000000 
15 16 0 496 0 0.000000 0.000000 0.000000 0.000000 
15 17 0 497 0 0.000000 0.000000 0.000000 0.000000 
15 18 0 498 0 0.000000 0.000000 0.000000 0.000000 
15 19 0 499 0 0.000000 0.000000 0.000000 0.000000 
15 20 0 500 0 0.000000 0.000000 0.000000 0.000000 
15 21 0 501 0 0.000000 0.000000 0.000000 0.000000 
15 22 0 502 0 0.000000 0.000000 0.000000 0.000000 
15 23 0 503 0 0.000000 0.000000 0.000000 0.000000 
15 24 0 504 0 0.000000 0.000000 0.000000 0.000000 
15 25 0 505 0 0.000000 0.000000 0.000000 0.000000 
15 26 0 506 0 0.000000 0.000000 0.000000 0.000000 
15 27 0 507 0 0.000000 0.000000 0.000000 0.000000 
15 28 0 508 0 0.000000 0.000000 0.000000 0.000000 
15 29 0 509 0 0.000000 0.000000 0.000000 0.000000 
15 30 0 510 0 0.000000 0.000000 0.000000 0.000000 
15 31 0 511 1 0.002000 -0.002000 0.000000 0.000000 
16 0 0 512 1 0.002000 -0.002000 0.000000 0.000000 
16 1 0 513 0 0.000000 0.000000 0.000000 0.000000 
16 2 0 514 0 0.000000 0.000000 0.000000 0.000000 
16 3 0 515 0 0.000000 0.000000 0.000000 0.000000 
16 4 0 516 0 0.000000 0.000000 0.000000 0.000000 
16 5 0 517 0 0.000000 0.000000 0.000000 0.000000 
16 6 0 518 0 0.000000 0.000000 0.000000 0.000000 
16 7 0 519 0 0.000000 0.000000 0.000000 0.000000 
16 8 0 520 0 0.000000 0.000000 0.000000 0.000000 
16 9 0 521 0 0.000000 0.000000 0.000000 0.000000 
16 10 0 522 0 0.000000 0.000000 0.000000 0.000000 
16 11 0 523 0 0.000000 0.000000 0.000000 0.000000 
16 12 0 524 0 0.000000 0.000000 0.000000 0.000000 
16 13 0 525 0 0.000000 0.000000 0.000000 0.000000 
16 14 0 526 0 0.000000 0.000000 0.000000 0.000000 
16 15 0 527 0 0.000000 0.000000 0.000000 0.000000 
16 16 0 528 0 0.000000 0.000000 0.000000 0.000000 
16 17 0 529 0 0.000000 0.000000 0.000000 0.000000 
16 18 0 530 0 0.000000 0.000000 0.000000 0.000000 
16 19 0 531 0 0.000000 0.000000 0.000000 0.000000 
16 20 0 532 0 0.000000 0.000000 0.000000 0.000000 
16 21 0 533 0 0.000000 0.000000 0.000000 0.000000 
16 22 0 534 0 0.000000 0.000000 0.000000 0.000000 
16 23 0 535 0 0.000000 0.000000 0.000000 0.000000 
16 24 0 536 0 0.000000 0.000000 0.000000 0.000000 
16 25 0 537 0 0.000000 0.000000 0.000000 0.000000 
16 26 0 538 0 0.000000 0.000000 0.000000 0.000000 
16 27 0 539 0 0.000000 0.000000 0.000000 0.000000 
16 28 0 540 0 0.000000 0.000000 0.000000 0.000000 
16 29 0 541 0 0.000000 0.000000 0.000000 0.000000 
16 30 0 542 0 0.000000 0.000000 0.000000 0.000000 
16 31 0 543 1 0.002000 -0.002000 0.000000 0.000000 
17 0 0 544 1 0.002000 -0.002000 0.000000 0.000000 
17 1 0 545 0 0.000000 0.000000 0.000000 0.000000 
17 2 0 546 0 0.000000 0.000000 0.000000 0.000000 
17 3 0 547 0 0.000000 0.000000 0.000000 0.000000 
17 4 0 548 0 0.000000 0.000000 0.000000 0.000000 
17 5 0 549 0 0.000000 0.000000 0.000000 0.000000 
17 6 0 550 0 0.000000 0.000000 0.000000 0.000000 
17 7 0 551 0 0.000000 0.000000 0.000000 0.000000 
17 8 0 552 0 0.000000 0.000000 0.000000 0.000000 
17 9 0 553 0 0.000000 0.000000 0.000000 0.000000 
17 10 0 554 0 0.000000 0.000000 0.000000 0.000000 
17 11 0 555 0 0.000000 0.000000 0.000000 0.000000 
17 12 0 556 0 0.000000 0.000000 0.000000 0.000000 
17 13 0 557 0 0.000000 0.000000 0.000000 0.000000 
17 14 0 558 0 0.000000 0.000000 0.000000 0.000000 
17 15 0 559 0 0.000000 0.000000 0.000000 0.000000 
17 16 0 560 0 0.000000 0.000000 0.000000 0.000000 
17 17 0 561 0 0.000000 0.000000 0.000000 0.000000 
17 18 0 562 0 0.000000 0.000000 0.000000 0.000000 
17 19 0 563 0 0.000000 0.000000 0.000000 0.000000 
17 20 0 564 0 0.000000 0.000000 0.000000 0.000000 
17 21 0 565 0 0.000000 0.000000 0.000000 0.000000 
17 22 0 566 0 0.000000 0.000000 0.000000 0.000000 
17 23 0 567 0 0.000000 0.000000 0.000000 0.000000 
17 24 0 568 0 0.000000 0.000000 0.000000 0.000000 
17 25 0 569 0 0.000000 0.000000 0.000000 0.000000 
17 26 0 570 0 0.000000 0.000000 0.000000 0.000000 
17 27 0 571 0 0.000000 0.000000 0.000000 0.000000 
17 28 0 572 0 0.000000 0.000000 0.000000 0.000000 
17 29 0 573 0 0.000000 0.000000 0.000000 0.000000 
17 30 0 574 0 0.000000 0.000000 0.000000 0.000000 
17 31 0 575 1 0.002000 -0.002000 0.000000 0.000000 
18 0 0 576 1 0.002000 -0.002000 0.000000 0.000000 
18 1 0 577 0 0.000000 0.000000 0.000000 0.000000 
18 2 0 578 0 0.000000 0.000000 0.000000 0.000000 
18 3 0 579 0 0.000000 0.000000 0.000000 0.000000 
18 4 0 580 0 0.000000 0.000000 0.000000 0.000000 
18 5 0 581 0 0.000000 0.000000 0.000000 0.000000 
18 6 0 582 0 0.000000 0.000000 0.000000 0.000000 
18 7 0 583 0 0.000000 0.000000 0.000000 0.000000 
18 8 0 584 0 0.000000 0.000000 0.000000 0.000000 
18 9 0 585 0 0.000000 0.000000 0.000000 0.000000 
18 10 0 586 0 0.000000 0.000000 0.000000 0.000000 
18 11 0 587 0 0.000000 0.000000 0.000000 0.000000 
18 12 0 588 0 0.000000 0.000000 0.000000 0.000000 
18 13 0 589 0 0.000000 0.000000 0.000000 0.000000 
18 14 0 590 0 0.000000 0.000000 0.000000 0.000000 
18 15 0 591 0 0.000000 0.000000 0.000000 0.000000 
18 16 0 592 0 0.000000 0.000000 0.000000 0.000000 
18 17 0 593 0 0.000000 0.000000 0.000000 0.000000 
18 18 0 594 0 0.000000 0.000000 0.000000 0.000000 
18 19 0 595 0 0.000000 0.000000 0.000000 0.000000 
18 20 0 596 0 0.000000 0.000000 0.000000 0.000000 
18 21 0 597 0 0.000000 0.000000 0.000000 0.000000 
18 22 0 598 0 0.000000 0.000000 0.000000 0.000000 
18 23 0 599 0 0.000000 0.000000 0.000000 0.000000 
18 24 0 600 0 0.000000 0.000000 0.000000 0.000000 
18 25 0 601 0 0.000000 0.000000 0.000000 0.000000 
18 26 0 602 0 0.000000 0.000000 0.000000 0.000000 
18 27 0 603 0 0.000000 0.000000 0.000000 0.000000 
18 28 0 604 0 0.000000 0.000000 0.000000 0.000000 
18 29 0 605 0 0.000000 0.000000 0.000000 0.000000 
18 30 0 606 0 0.000000 0.000000 0.000000 0.000000 
18 31 0 607 1 0.002000 -0.002000 0.000000 0.000000 
19 0 0 608 1 0.002000 -0.002000 0.000000 0.000000 
19 1 0 609 0 0.000000 0.000000 0.000000 0.000000 
19 2 0 610 0 0.000000 0.000000 0.000000 0.000000 
19 3 0 611 0 0.000000 0.000000 0.000000 0.000000 
19 4 0 612 0 0.000000 0.000000 0.000000 0.000000 
19 5 0 613 0 0.000000 0.000000 0.000000 0.000000 
19 6 0 614 0 0.000000 0.000000 0.000000 0.000000 
19 7 0 615 0 0.000000 0.000000 0.000000 0.000000 
19 8 0 616 0 0.000000 0.000000 0.000000 0.000000 
19 9 0 617 0 0.000000 0.000000 0.000000 0.000000 
19 10 0 618 0 0.000000 0.000000 0.000000 0.000000 
19 11 0 619 0 0.000000 0.000000 0.000000 0.000000 
19 12 0 620 0 0.000000 0.000000 0.000000 0.000000 
19 13 0 621 0 0.000000 0.000000 0.000000 0.000000 
19 14 0 622 0 0.000000 0.000000 0.000000 0.000000 
19 15 0 623 0 0.000000 0.000000 0.000000 0.000000 
19 16 0 624 0 0.000000 0.000000 0.000000 0.000000 
19 17 0 625 0 0.000000 0.000000 0.000000 0.000000 
19 18 0 626 0 0.000000 0.000000 0.000000 0.000000 
19 19 0 627 0 0.000000 0.000000 0.000000 0.000000 
19 20 0 628 0 0.000000 0.000000 0.000000 0.000000 
19 21 0 629 0 0.000000 0.000000 0.000000 0.000000 
19 22 0 630 0 0.000000 0.000000 0.000000 0.000000 
19 23 0 631 0 0.000000 0.000000 0.000000 0.000000 
19 24 0 632 0 0.000000 0.000000 0.000000 0.000000 
19 25 0 633 0 0.000000 0.000000 0.000000 0.000000 
19 26 0 634 0 0.000000 0.000000 0.000000 0.000000 
19 27 0 635 0 0.000000 0.000000 0.000000 0.000000 
19 28 0 636 0 0.000000 0.000000 0.000000 0.000000 
19 29 0 637 0 0.000000 0.000000 0.000000 0.000000 
19 30 0 638 0 0.000000 0.000000 0.000000 0.000000 
19 31 0 639 1 0.002000 -0.002000 0.000000 0.000000 
20 0 0 640 1 0.002000 -0.002000 0.000000 0.000000 
20 1 0 641 0 0.000000 0.000000 0.000000 0.000000 
20 2 0 642 0 0.000000 0.000000 0.000000 0.000000 
20 3 0 643 0 0.000000 0.000000 0.000000 0.000000 
20 4 0 644 0 0.000000 0.000000 0.000000 0.000000 
20 5 0 645 0 0.000000 0.000000 0.000000 0.000000 
20 6 0 646 0 0.000000 0.000000 0.000000 0.000000 
20 7 0 647 0 0.000000 0.000000 0.000000 0.000000 
20 8 0 648 0 0.000000 0.000000 0.000000 0.000000 
20 9 0 649 0 0.000000 0.000000 0.000000 0.000000 
20 10 0 650 0 0.000000 0.000000 0.000000 0.000000 
20 11 0 651 0 0.000000 0.000000 0.000000 0.000000 
20 12 0 652 0 0.000000 0.000000 0.000000 0.000000 
20 13 0 653 0 0.000000 0.000000 0.000000 0.000000 
20 14 0 654 0 0.000000 0.000000 0.000000 0.000000 
20 15 0 655 0 0.000000 0.000000 0.000000 0.000000 
20 16 0 656 0 0.000000 0.000000 0.000000 0.000000 
20 17 0 657 0 0.000000 0.000000 0.000000 0.000000 
20 18 0 658 0 0.000000 0.000000 0.000000 0.000000 
20 19 0 659 0 0.000000 0.000000 0.000000 0.000000 
20 20 0 660 0 0.000000 0.000000 0.000000 0.000000 
20 21 0 661 0 0.000000 0.000000 0.000000 0.000000 
20 22 0 662 0 0.000000 0.000000 0.000000 0.000000 
20 23 0 663 0 0.000000 0.000000 0.000000 0.000000 
20 24 0 664 0 0.000000 0.000000 0.000000 0.000000 
20 25 0 665 0 0.000000 0.000000 0.000000 0.000000 
20 26 0 666 0 0.000000 0.000000 0.000000 0.000000 
20 27 0 667 0 0.000000 0.000000 0.000000 0.000000 
20 28 0 668 0 0.000000 0.000000 0.000000 0.000000 
20 29 0 669 0 0.000000 0.000000 0.000000 0.000000 
20 30 0 670 0 0.000000 0.000000 0.000000 0.000000 
20 31 0 671 1 0.002000 -0.002000 0.000000 0.000000 
21 0 0 672 1 0.002000 -0.002000 0.000000 0.000000 
21 1 0 673 0 0.000000 0.000000 0.000000 0.000000 
21 2 0 674 0 0.000000 0.000000 0.000000 0.000000 
21 3 0 675 0 0.000000 0.000000 0.000000 0.000000 
21 4 0 676 0 0.000000 0.000000 0.000000 0.000000 
21 5 0 677 0 0.000000 0.000000 0.000000 0.000000 
21 6 0 678 0 0.000000 0.000000 0.000000 0.000000 
21 7 0 679 0 0.000000 0.000000 0.000000 0.000000 
21 8 0 680 0 0.000000 0.000000 0.000000 0.000000 
21 9 0 681 0 0.000000 0.000000 0.000000 0.000000 
21 10 0 682 0 0.000000 0.000000 0.000000 0.000000 
21 11 0 683 0 0.000000 0.000000 0.000000 0.000000 
21 12 0 684 0 0.000000 0.000000 0.000000 0.000000 
21 13 0 685 0 0.000000 0.000000 0.000000 0.000000 
21 14 0 686 0 0.000000 0.000000 0.000000 0.000000 
21 15 0 687 0 0.000000 0.000000 0.000000 0.000000 
21 16 0 688 0 0.000000 0.000000 0.000000 0.000000 
21 17 0 689 0 0.000000 0.000000 0.000000 0.000000 
21 18 0 690 0 0.000000 0.000000 0.000000 0.000000 
21 19 0 691 0 0.000000 0.000000 0.000000 0.000000 
21 20 0 692 0 0.000000 0.000000 0.000000 0.000000 
21 21 0 693 0 0.000000 0.000000 0.000000 0.000000 
21 22 0 694 0 0.000000 0.000000 0.000000 0.000000 
21 23 0 695 0 0.000000 0.000000 0.000000 0.000000 
21 24 0 696 0 0.000000 0.000000 0.000000 0.000000 
21 25 0 697 0 0.000000 0.000000 0.000000 0.000000 
21 26 0 698 0 0.000000 0.000000 0.000000 0.000000 
21 27 0 699 0 0.000000 0.000000 0.000000 0.000000 
21 28 0 700 0 0.000000 0.000000 0.000000 0.000000 
21 29 0 701 0 0.000000 0.000000 0.000000 0.000000 
21 30 0 702 0 0.000000 0.000000 0.000000 0.000000 
21 31 0 703 1 0.002000 -0.002000 0.000000 0.000000 
22 0 0 704 1 0.002000 -0.002000 0.000000 0.000000 
22 1 0 705 0 0.000000 0.000000 0.000000 0.000000 
22 2 0 706 0 0.000000 0.000000 0.000000 0.000000 
22 3 0 707 0 0.000000 0.000000 0.000000 0.000000 
22 4 0 708 0 0.000000 0.000000 0.000000 0.000000 
22 5 0 709 0 0.000000 0.000000 0.000000 0.000000 
22 6 0 710 0 0.000000 0.000000 0.000000 0.000000 
22 7 0 711 0 0.000000 0.000000 0.000000 0.000000 
22 8 0 712 0 0.000000 0.000000 0.000000 0.000000 
22 9 0 713 0 0.000000 0.000000 0.000000 0.000000 
22 10 0 714 0 0.000000 0.000000 0.000000 0.000000 
22 11 0 715 0 0.000000 0.000000 0.000000 0.000000 
22 12 0 716 0 0.000000 0.000000 0.000000 0.000000 
22 13 0 717 0 0.000000 0.000000 0.000000 0.000000 
22 14 0 718 0 0.000000 0.000000 0.000000 0.000000 
22 15 0 719 0 0.000000 0.000000 0.000000 0.000000 
22 16 0 720 0 0.000000 0.000000 0.000000 0.000000 
22 17 0 721 0 0.000000 0.000000 0.000000 0.000000 
22 18 0 722 0 0.000000 0.000000 0.000000 0.000000 
22 19 0 723 0 0.000000 0.000000 0.000000 0.000000 
22 20 0 724 0 0.000000 0.000000 0.000000 0.000000 
22 21 0 725 0 0.000000 0.000000 0.000000 0.000000 
22 22 0 726 0 0.000000 0.000000 0.000000 0.000000 
22 23 0 727 0 0.000000 0.000000 0.000000 0.000000 
22 24 0 728 0 0.000000 0.000000 0.000000 0.000000 
22 25 0 729 0 0.000000 0.000000 0.000000 0.000000 
22 26 0 730 0 0.000000 0.000000 0.000000 0.000000 
22 27 0 731 0 0.000000 0.000000 0.000000 0.000000 
22 28 0 732 0 0.000000 0.000000 0.000000 0.000000 
22 29 0 733 0 0.000000 0.000000 0.000000 0.000000 
22 30 0 734 0 0.000000 0.000000 0.000000 0.000000 
22 31 0 735 1 0.002000 -0.002000 0.000000 0.000000 
23 0 0 736 1 0.002000 -0.002000 0.000000 0.000000 
23 1 0 737 0 0.000000 0.000000 0.000000 0.000000 
23 2 0 738 0 0.000000 0.000000 0.000000 0.000000 
23 3 0 739 0 0.000000 0.000000 0.000000 0.000000 
23 4 0 740 0 0.000000 0.000000 0.000000 0.000000 
23 5 0 741 0 0.000000 0.000000 0.000000 0.000000 
23 6 0 742 0 0.000000 0.000000 0.000000 0.000000 
23 7 0 743 0 0.000000 0.000000 0.000000 0.000000 
23 8 0 744 0 0.000000 0.000000 0.000000 0.000000 
23 9 0 745 0 0.000000 0.000000 0.000000 0.000000 
23 10 0 746 0 0.000000 0.000000 0.000000 0.000000 
23 11 0 747 0 0.000000 0.000000 0.000000 0.000000 
23 12 0 748 0 0.000000 0.000000 0.000000 0.000000 
23 13 0 749 0 0.000000 0.000000 0.000000 0.000000 
23 14 0 750 0 0.000000 0.000000 0.000000 0.000000 
23 15 0 751 0 0.000000 0.000000 0.000000 0.000000 
23 16 0 752 0 0.000000 0.000000 0.000000 0.000000 
23 17 0 753 0 0.000000 0.000000 0.000000 0.000000 
23 18 0 754 0 0.000000 0.000000 0.000000 0.000000 
23 19 0 755 0 0.000000 0.000000 0.000000 0.000000 
23 20 0 756 0 0.000000 0.000000 0.000000 0.000000 
23 21 0 757 0 0.000000 0.000000 0.000000 0.000000 
23 22 0 758 0 0.000000 0.000000 0.000000 0.000000 
23 23 0 759 0 0.000000 0.000000 0.000000 0.000000 
23 24 0 760 0 0.000000 0.000000 0.000000 0.000000 
23 25 0 761 0 0.000000 0.000000 0.000000 0.000000 
23 26 0 762 0 0.000000 0.000000 0.000000 0.000000 
23 27 0 763 0 0.000000 0.000000 0.000000 0.000000 
23 28 0 764 0 0.000000 0.000000 0.000000 0.000000 
23 29 0 765 0 0.000000 0.000000 0.000000 0.000000 
23 30 0 766 0 0.000000 0.000000 0.000000 0.000000 
23 31 0 767 1 0.002000 -0.002000 0.000000 0.000000 
24 0 0 768 1 0.002000 -0.002000 0.000000 0.000000 
24 1 0 769 0 0.000000 0.000000 0.000000 0.000000 
24 2 0 770 0 0.000000 0.000000 0.000000 0.000000 
24 3 0 771 0 0.000000 0.000000 0.000000 0.000000 
24 4 0 772 0 0.000000 0.000000 0.000000 0.000000 
24 5 0 773 0 0.000000 0.000000 0.000000 0.000000 
24 6 0 774 0 0.000000 0.000000 0.000000 0.000000 
24 7 0 775 0 0.000000 0.000000 0.000000 0.000000 
24 8 0 776 0 0.000000 0.000000 0.000000 0.000000 
24 9 0 777 0 0.000000 0.000000 0.000000 0.000000 
24 10 0 778 0 0.000000 0.000000 0.000000 0.000000 
24 11 0 779 0 0.000000 0.000000 0.000000 0.000000 
24 12 0 780 0 0.000000 0.000000 0.000000 0.000000 
24 13 0 781 0 0.000000 0.000000 0.000000 0.000000 
24 14 0 782 0 0.000000 0.000000 0.000000 0.000000 
24 15 0 783 0 0.000000 0.000000 0.000000 0.000000 
24 16 0 784 0 0.000000 0.000000 0.000000 0.000000 
24 17 0 785 0 0.000000 0.000000 0.000000 0.000000 
24 18 0 786 0 0.000000 0.000000 0.000000 0.000000 
24 19 0 787 0 0.000000 0.000000 0.000000 0.000000 
24 20 0 788 0 0.000000 0.000000 0.000000 0.000000 
24 21 0 789 0 0.000000 0.000000 0.000000 0.000000 
24 22 0 790 0 0.000000 0.000000 0.000000 0.000000 
24 23 0 791 0 0.000000 0.000000 0.000000 0.000000 
24 24 0 792 0 0.000000 0.000000 0.000000 0.000000 
24 25 0 793 0 0.000000 0.000000 0.000000 0.000000 
24 26 0 794 0 0.000000 0.000000 0.000000 0.000000 
24 27 0 795 0 0.000000 0.000000 0.000000 0.000000 
24 28 0 796 0 0.000000 0.000000 0.000000 0.000000 
24 29 0 797 0 0.000000 0.000000 0.000000 0.000000 
24 30 0 798 0 0.000000 0.000000 0.000000 0.000000 
24 31 0 799 1 0.002000 -0.002000 0.000000 0.000000 
25 0 0 800 1 0.002000 -0.002000 0.000000 0.000000 
25 1 0 801 0 0.000000 0.000000 0.000000 0.000000 
25 2 0 802 0 0.000000 0.000000 0.000000 0.000000 
25 3 0 803 0 0.000000 0.000000 0.000000 0.000000 
25 4 0 804 0 0.000000 0.000000 0.000000 0.000000 
25 5 0 805 0 0.000000 0.000000 0.000000 0.000000 
25 6 0 806 0 0.000000 0.000000 0.000000 0.000000 
25 7 0 807 0 0.000000 0.000000 0.000000 0.000000 
25 8 0 808 0 0.000000 0.000000 0.000000 0.000000 
25 9 0 809 0 0.000000 0.000000 0.000000 0.000000 
25 10 0 810 0 0.000000 0.000000 0.000000 0.000000 
25 11 0 811 0 0.000000 0.000000 0.000000 0.000000 
25 12 0 812 0 0.000000 0.000000 0.000000 0.000000 
25 13 0 813 0 0.000000 0.000000 0.000000 0.000000 
25 14 0 814 0 0.000000 0.000000 0.000000 0.000000 
25 15 0 815 0 0.000000 0.000000 0.000000 0.000000 
25 16 0 816 0 0.000000 0.000000 0.000000 0.000000 
25 17 0 817 0 0.000000 0.000000 0.000000 0.000000 
25 18 0 818 0 0.000000 0.000000 0.000000 0.000000 
25 19 0 819 0 0.000000 0.000000 0.000000 0.000000 
25 20 0 820 0 0.000000 0.000000 0.000000 0.000000 
25 21 0 821 0 0.000000 0.000000 0.000000 0.000000 
25 22 0 822 0 0.000000 0.000000 0.000000 0.000000 
25 23 0 823 0 0.000000 0.000000 0.000000 0.000000 
25 24 0 824 0 0.000000 0.000000 0.000000 0.000000 
25 25 0 825 0 0.000000 0.000000 0.000000 0.000000 
25 26 0 826 0 0.000000 0.000000 0.000000 0.000000 
25 27 0 827 0 0.000000 0.000000 0.000000 0.000000 
25 28 0 828 0 0.000000 0.000000 0.000000 0.000000 
25 29 0 829 0 0.000000 0.000000 0.000000 0.000000 
25 30 0 830 0 0.000000 0.000000 0.000000 0.000000 
25 31 0 831 1 0.002000 -0.002000 0.000000 0.000000 
26 0 0 832 1 0.002000 -0.002000 0.000000 0.000000 
26 1 0 833 0 0.000000 0.000000 0.000000 0.000000 
26 2 0 834 0 0.000000 0.000000 0.000000 0.000000 
26 3 0 835 0 0.000000 0.000000 0.000000 0.000000 
26 4 0 836 0 0.000000 0.000000 0.000000 0.000000 
26 5 0 837 0 0.000000 0.000000 0.000000 0.000000 
26 6 0 838 0 0.000000 0.000000 0.000000 0.000000 
26 7 0 839 0 0.000000 0.000000 0.000000 0.000000 
26 8 0 840 0 0.000000 0.000000 0.000000 0.000000 
26 9 0 841 0 0.000000 0.000000 0.000000 0.000000 
26 10 0 842 0 0.000000 0.000000 0.000000 0.000000 
26 11 0 843 0 0.000000 0.000000 0.000000 0.000000 
26 12 0 844 0 0.000000 0.000000 0.000000 0.000000 
26 13 0 845 0 0.000000 0.000000 0.000000 0.000000 
26 14 0 846 0 0.000000 0.000000 0.000000 0.000000 
26 15 0 847 0 0.000000 0.000000 0.000000 0.000000 
26 16 0 848 0 0.000000 0.000000 0.000000 0.000000 
26 17 0 849 0 0.000000 0.000000 0.000000 0.000000 
26 18 0 850 0 0.000000 0.000000 0.000000 0.000000 
26 19 0 851 0 0.000000 0.000000 0.000000 0.000000 
26 20 0 852 0 0.000000 0.000000 0.000000 0.000000 
26 21 0 853 0 0.000000 0.000000 0.000000 0.000000 
26 22 0 854 0 0.000000 0.000000 0.000000 0.000000 
26 23 0 855 0 0.000000 0.000000 0.000000 0.000000 
26 24 0 856 0 0.000000 0.000000 0.000000 0.000000 
26 25 0 857 0 0.000000 0.000000 0.000000 0.000000 
26 26 0 858 0 0.000000 0.000000 0.000000 0.000000 
26 27 0 859 0 0.000000 0.000000 0.000000 0.000000 
26 28 0 860 0 0.000000 0.000000 0.000000 0.000000 
26 29 0 861 0 0.000000 0.000000 0.000000 0.000000 
26 30 0 862 0 0.000000 0.000000 0.000000 0.000000 
26 31 0 863 1 0.002000 -0.002000 0.000000 0.000000 
27 0 0 864 1 0.002000 -0.002000 0.000000 0.000000 
27 1 0 865 0 0.000000 0.000000 0.000000 0.000000 
27 2 0 866 0 0.000000 0.000000 0.000000 0.000000 
27 3 0 867 0 0.000000 0.000000 0.000000 0.000000 
27 4 0 868 0 0.000000 0.000000 0.000000 0.000000 
27 5 0 869 0 0.000000 0.000000 0.000000 0.000000 
27 6 0 870 0 0.000000 0.000000 0.000000 0.000000 
27 7 0 871 0 0.000000 0.000000 0.000000 0.000000 
27 8 0 872 0 0.000000 0.000000 0.000000 0.000000 
27 9 0 873 0 0.000000 0.000000 0.000000 0.000000 
27 10 0 874 0 0.000000 0.000000 0.000000 0.000000 
27 11 0 875 0 0.000000 0.000000 0.000000 0.000000 
27 12 0 876 0 0.000000 0.000000 0.000000 0.000000 
27 13 0 877 0 0.000000 0.000000 0.000000 0.000000 
27 14 0 878 0 0.000000 0.000000 0.000000 0.000000 
27 15 0 879 0 0.000000 0.000000 0.000000 0.000000 
27 16 0 880 0 0.000000 0.000000 0.000000 0.000000 
27 17 0 881 0 0.000000 0.000000 0.000000 0.000000 
27 18 0 882 0 0.000000 0.000000 0.000000 0.000000 
27 19 0 883 0 0.000000 0.000000 0.000000 0.000000 
27 20 0 884 0 0.000000 0.000000 0.000000 0.000000 
27 21 0 885 0 0.000000 0.000000 0.000000 0.000000 
27 22 0 886 0 0.000000 0.000000 0.000000 0.000000 
27 23 0 887 0 0.000000 0.000000 0.000000 0.000000 
27 24 0 888 0 0.000000 0.000000 0.000000 0.000000 
27 25 0 889 0 0.000000 0.000000 0.000000 0.000000 
27 26 0 890 0 0.000000 0.000000 0.000000 0.000000 
27 27 0 891 0 0.000000 0.000000 0.000000 0.000000 
27 28 0 892 0 0.000000 0.000000 0.000000 0.000000 
27 29 0 893 0 0.000000 0.000000 0.000000 0.000000 
27 30 0 894 0 0.000000 0.000000 0.000000 0.000000 
27 31 0 895 1 0.002000 -0.002000 0.000000 0.000000 
28 0 0 896 1 0.002000 -0.002000 0.000000 0.000000 
28 1 0 897 0 0.000000 0.000000 0.000000 0.000000 
28 2 0 898 0 0.000000 0.000000 0.000000 0.000000 
28 3 0 899 0 0.000000 0.000000 0.000000 0.000000 
28 4 0 900 0 0.000000 0.000000 0.000000 0.000000 
28 5 0 901 0 0.000000 0.000000 0.000000 0.000000 
28 6 0 902 0 0.000000 0.000000 0.000000 0.000000 
28 7 0 903 0 0.000000 0.000000 0.000000 0.000000 
28 8 0 904 0 0.000000 0.000000 0.000000 0.000000 
28 9 0 905 0 0.000000 0.000000 0.000000 0.000000 
28 10 0 906 0 0.000000 0.000000 0.000000 0.000000 
28 11 0 907 0 0.000000 0.000000 0.000000 0.000000 
28 12 0 908 0 0.000000 0.000000 0.000000 0.000000 
28 13 0 909 0 0.000000 0.000000 0.000000 0.000000 
28 14 0 910 0 0.000000 0.000000 0.000000 0.000000 
28 15 0 911 0 0.000000 0.000000 0.000000 0.000000 
28 16 0 912 0 0.000000 0.000000 0.000000 0.000000 
28 17 0 913 0 0.000000 0.000000 0.000000 0.000000 
28 18 0 914 0 0.000000 0.000000 0.000000 0.000000 
28 19 0 915 0 0.000000 0.000000 0.000000 0.000000 
28 20 0 916 0 0.000000 0.000000 0.000000 0.000000 
28 21 0 917 0 0.000000 0.000000 0.000000 0.000000 
28 22 0 918 0 0.000000 0.000000 0.000000 0.000000 
28 23 0 919 0 0.000000 0.000000 0.000000 0.000000 
28 24 0 920 0 0.000000 0.000000 0.000000 0.000000 
28 25 0 921 0 0.000000 0.000000 0.000000 0.000000 
28 26 0 922 0 0.000000 0.000000 0.000000 0.000000 
28 27 0 923 0 0.000000 0.000000 0.000000 0.000000 
28 28 0 924 0 0.000000 0.000000 0.000000 0.000000 
28 29 0 925 0 0.000000 0.000000 0.000000 0.000000 
28 30 0 926 0 0.000000 0.000000 0.000000 0.000000 
28 31 0 927 1 0.002000 -0.002000 0.000000 0.000000 
29 0 0 928 1 0.002000 -0.002000 0.000000 0.000000 
29 1 0 929 0 0.000000 0.000000 0.000000 0.000000 
29 2 0 930 0 0.000000 0.000000 0.000000 0.000000 
29 3 0 931 0 0.000000 0.000000 0.000000 0.000000 
29 4 0 932 0 0.000000 0.000000 0.000000 0.000000 
29 5 0 933 0 0.000000 0.000000 0.000000 0.000000 
29 6 0 934 0 0.000000 0.000000 0.000000 0.000000 
29 7 0 935 0 0.000000 0.000000 0.000000 0.000000 
29 8 0 936 0 0.000000 0.000000 0.000000 0.000000 
29 9 0 937 0 0.000000 0.000000 0.000000 0.000000 
29 10 0 938 0 0.000000 0.000000 0.000000 0.000000 
29 11 0 939 0 0.000000 0.000000 0.000000 0.000000 
29 12 0 940 0 0.000000 0.000000 0.000000 0.000000 
29 13 0 941 0 0.000000 0.000000 0.000000 0.000000 
29 14 0 942 0 0.000000 0.000000 0.000000 0.000000 
29 15 0 943 0 0.000000 0.000000 0.000000 0.000000 
29 16 0 944 0 0.000000 0.000000 0.000000 0.000000 
29 17 0 945 0 0.000000 0.000000 0.000000 0.000000 
29 18 0 946 0 0.000000 0.000000 0.000000 0.000000 
29 19 0 947 0 0.000000 0.000000 0.000000 0.000000 
29 20 0 948 0 0.000000 0.000000 0.000000 0.000000 
29 21 0 949 0 0.000000 0.000000 0.000000 0.000000 
29 22 0 950 0 0.000000 0.000000 0.000000 0.000000 
29 23 0 951 0 0.000000 0.000000 0.000000 0.000000 
29 24 0 952 0 0.000000 0.000000 0.000000 0.000000 
29 25 0 953 0 0.000000 0.000000 0.000000 0.000000 
29 26 0 954 0 0.000000 0.000000 0.000000 0.000000 
29 27 0 955 0 0.000000 0.000000 0.000000 0.000000 
29 28 0 956 0 0.000000 0.000000 0.000000 0.000000 
29 29 0 957 0 0.000000 0.000000 0.000000 0.000000 
29 30 0 958 0 0.000000 0.000000 0.000000 0.000000 
29 31 0 959 1 0.002000 -0.002000 0.000000 0.000000 
30 0 0 960 1 0.002000 -0.002000 0.000000 0.000000 
30 1 0 961 0 0.000000 0.000000 0.000000 0.000000 
30 2 0 962 0 0.000000 0.000000 0.000000 0.000000 
30 3 0 963 0 0.000000 0.000000 0.000000 0.000000 
30 4 0 964 0 0.000000 0.000000 0.000000 0.000000 
30 5 0 965 0 0.000000 0.000000 0.000000 0.000000 
30 6 0 966 0 0.000000 0.000000 0.000000 0.000000 
30 7 0 967 0 0.000000 0.000000 0.000000 0.000000 
30 8 0 968 0 0.000000 0.000000 0.000000 0.000000 
30 9 0 969 0 0.000000 0.000000 0.000000 0.000000 
30 10 0 970 0 0.000000 0.000000 0.000000 0.000000 
30 11 0 971 0 0.000000 0.000000 0.000000 0.000000 
30 12 0 972 0 0.000000 0.000000 0.000000 0.000000 
30 13 0 973 0 0.000000 0.000000 0.000000 0.000000 
30 14 0 974 0 0.000000 0.000000 0.000000 0.000000 
30 15 0 975 0 0.000000 0.000000 0.000000 0.000000 
30 16 0 976 0 0.000000 0.000000 0.000000 0.000000 
30 17 0 977 0 0.000000 0.000000 0.000000 0.000000 
30 18 0 978 0 0.000000 0.000000 0.000000 0.000000 
30 19 0 979 0 0.000000 0.000000 0.000000 0.000000 
30 20 0 980 0 0.000000 0.000000 0.000000 0.000000 
30 21 0 981 0 0.000000 0.000000 0.000000 0.000000 
30 22 0 982 0 0.000000 0.000000 0.000000 0.000000 
30 23 0 983 0 0.000000 0.000000 0.000000 0.000000 
30 24 0 984 0 0.000000 0.000000 0.000000 0.000000 
30 25 0 985 0 0.000000 0.000000 0.000000 0.000000 
30 26 0 986 0 0.000000 0.000000 0.000000 0.000000 
30 27 0 987 0 0.000000 0.000000 0.000000 0.000000 
30 28 0 988 0 0.000000 0.000000 0.000000 0.000000 
30 29 0 989 0 0.000000 0.000000 0.000000 0.000000 
30 30 0 990 0 0.000000 0.000000 0.000000 0.000000 
30 31 0 991 1 0.002000 -0.002000 0.000000 0.000000 
31 0 0 992 1 0.002000 -0.002000 0.000000 0.000000 
31 1 0 993 1 0.002000 -0.002000 0.000000 0.000000 
31 2 0 994 1 0.002000 -0.002000 0.000000 0.000000 
31 3 0 995 1 0.002000 -0.002000 0.000000 0.000000 
31 4 0 996 1 0.002000 -0.002000 0.000000 0.000000 
31 5 0 997 1 0.002000 -0.002000 0.000000 0.000000 
31 6 0 998 1 0.002000 -0.002000 0.000000 0.000000 
31 7 0 999 1 0.002000 -0.002000 0.000000 0.000000 
31 8 0 1000 1 0.002000 -0.002000 0.000000 0.000000 
31 9 0 1001 1 0.002000 -0.002000 0.000000 0.000000 
31 10 0 1002 1 0.002000 -0.002000 0.000000 0.000000 
31 11 0 1003 1 0.002000 -0.002000 0.000000 0.000000 
31 12 0 1004 1 0.002000 -0.002000 0.000000 0.000000 
31 13 0 1005 1 0.002000 -0.002000 0.000000 0.000000 
31 14 0 1006 1 0.002000 -0.002000 0.000000 0.000000 
31 15 0 1007 1 0.002000 -0.002000 0.000000 0.000000 
31 16 0 1008 1 0.002000 -0.002000 0.000000 0.000000 
31 17 0 1009 1 0.002000 -0.002000 0.000000 0.000000 
31 18 0 1010 1 0.002000 -0.002000 0.000000 0.000000 
31 19 0 1011 1 0.002000 -0.002000 0.000000 0.000000 
31 20 0 1012 1 0.002000 -0.002000 0.000000 0.000000 
31 21 0 1013 1 0.002000 -0.002000 0.000000 0.000000 
31 22 0 1014 1 0.002000 -0.002000 0.000000 0.000000 
31 23 0 1015 1 0.002000 -0.002000 0.000000 0.000000 
31 24 0 1016 1 0.002000 -0.002000 0.000000 0.000000 
31 25 0 1017 1 0.002000 -0.002000 0.000000 0.000000 
31 26 0 1018 1 0.002000 -0.002000 0.000000 0.000000 
31 27 0 1019 1 0.002000 -0.002000 0.000000 0.000000 
31 28 0 1020 1 0.002000 -0.002000 0.000000 0.000000 
31 29 0 1021 1 0.002000 -0.002000 0.000000 0.000000 
31 30 0 1022 1 0.002000 -0.002000 0.000000 0.000000 
31 31 0 1023 1 0.002000 -0.002000 0.000000 0.000000 
